2.507930803227038652e-01
3.183408785973687594e-01
2.437562024772784164e-01
2.638791374181123084e-01
1.900413711176260623e-01
2.166455638596939959e-01
1.965368541278568748e-01
2.000615829619872554e-01
2.171622558797216274e-01
2.124847810030295603e-01
1.930156278514354729e-01
2.470932752989808412e-01
2.396226631852372835e-01
2.385950868657162605e-01
2.298577412062325076e-01
1.973467601783636116e-01
2.163141468838012949e-01
1.815128994154440734e-01
2.330525761173857513e-01
2.479369685298923043e-01
2.324623861286039816e-01
2.301740634051490375e-01
2.323465019311687085e-01
2.133297545273792062e-01
2.227810154951077037e-01
2.344261046879676236e-01
2.338313845807770686e-01
2.346340168281597083e-01
2.660769890508271063e-01
2.681128328633338720e-01
2.359411763258388584e-01
2.390306472756373590e-01
2.574017520242337098e-01
2.636649728947746962e-01
2.338791983894516202e-01
2.613643650007378971e-01
2.550546912381895792e-01
