2.401053269323858153e-01
3.107743754673347181e-01
2.275982116499439267e-01
2.368708529735638890e-01
1.935826566468830945e-01
2.049517990059431527e-01
1.817743070394258198e-01
1.817254785485449553e-01
2.064445744453599352e-01
1.929604280859555376e-01
1.819944462260407736e-01
2.360337725605445025e-01
2.168538030007187700e-01
2.204446465006098532e-01
2.069082049194013451e-01
1.870787719522787607e-01
2.043847358744561304e-01
1.743735552609612938e-01
2.200731699801631303e-01
2.161174556088278631e-01
2.112714539197473596e-01
2.233322524091684025e-01
2.305427575940349472e-01
1.973205250688165324e-01
2.111005214928376728e-01
2.121032877976427866e-01
2.180505145765458397e-01
2.278753509393872945e-01
2.425252647949864282e-01
2.415680872532196266e-01
2.135750279136675311e-01
2.351276298772290163e-01
2.505626793953427689e-01
2.465172191511145749e-01
2.325917391579246374e-01
2.464434148716134754e-01
2.491973125086354990e-01
