2.438381578858300203e-01
2.746147731364700362e-01
2.254549644426494248e-01
2.373894407108448346e-01
1.817212922176816015e-01
2.000527395627650362e-01
1.755684237814547355e-01
1.790584732914315969e-01
1.822882269428936497e-01
1.869318191618893343e-01
1.766715035061570682e-01
2.307697227852580080e-01
2.082004084048382497e-01
1.948907542114292624e-01
1.968818451801507552e-01
1.765701239104713605e-01
1.930187412371995870e-01
1.630539069219687220e-01
2.074633959964287677e-01
2.204820731471618944e-01
2.150455166883810110e-01
2.166031332245776930e-01
2.072451506994988091e-01
1.928516015329903854e-01
2.004863870121282587e-01
2.124055395830409809e-01
2.280291389484094267e-01
2.275559106130151388e-01
2.252084214261868000e-01
2.474797933571089847e-01
2.132180743258835776e-01
2.362143485572683332e-01
2.321461612496078242e-01
2.365941347366372904e-01
2.174544327072394645e-01
2.498237718740076441e-01
2.505347606555827222e-01
