2.400127336162501124e-01
2.867802344738186737e-01
2.236660437902292520e-01
2.289839752958167662e-01
1.774097743203349176e-01
2.042070239376719831e-01
1.788414456757196902e-01
1.724907594450974246e-01
1.847415193049573301e-01
1.826172430833734872e-01
1.756111557309043003e-01
2.316008909321464471e-01
2.002715127082179414e-01
1.855213718026272052e-01
1.899023953816845744e-01
1.728027113787284075e-01
1.878107414910759332e-01
1.622070682369218531e-01
1.992009573159348734e-01
2.192007326866060868e-01
2.066252475678809486e-01
2.152688128220397734e-01
2.024672055127768600e-01
1.832114793643553619e-01
1.991555099837948872e-01
2.097939230007553058e-01
2.150924007097640422e-01
2.203350556004741168e-01
2.264674342314649813e-01
2.298057606071159387e-01
2.131956037235888668e-01
2.291847709766623165e-01
2.376948024081693978e-01
2.365595042843512963e-01
2.260764739807642199e-01
2.426657507231065880e-01
2.457558955240299603e-01
