2.334374369814243844e-01
2.623366156353982293e-01
2.238759335428668062e-01
2.233434623937874119e-01
1.741933569264504100e-01
1.932193017679052494e-01
1.731362885509684368e-01
1.739671470483540872e-01
1.772046912398652641e-01
1.828339415449013461e-01
1.637076394708936455e-01
2.090234553333840950e-01
1.944514326801685400e-01
1.809899296711701411e-01
1.871657803977856138e-01
1.672628165708603676e-01
1.873142272253219831e-01
1.681743813907759233e-01
1.999981210208656990e-01
2.176065799533464795e-01
2.081219940059732265e-01
2.052756236523253786e-01
2.059572143985734793e-01
1.879366354522901128e-01
2.006201178280505037e-01
2.088064418935110522e-01
2.131992051668744892e-01
2.197729019264732520e-01
2.273503158724206608e-01
2.339317854872020874e-01
2.182630347647623315e-01
2.263198089721743522e-01
2.288974701472725470e-01
2.366213255431983409e-01
2.220377388673522023e-01
2.474753799509628038e-01
2.485431505335430891e-01
