1.905122541028243799e-01
1.633119083430138174e-01
1.393326615888799969e-01
1.390626875674729757e-01
8.880166456844748590e-02
8.741891174594394742e-02
1.226254100619058734e-01
1.419389609093441029e-01
1.553107569431750046e-01
1.425784054527919897e-01
1.285127802572106626e-01
1.273539298252024388e-01
1.380765889588122519e-01
1.225792193210609449e-01
1.303161655761344850e-01
1.397592160532402927e-01
1.278282781399393830e-01
1.162807879407025541e-01
1.129957851646892220e-01
1.636229306630824498e-01
1.550273414811763895e-01
1.757165740190299030e-01
1.701015720824941291e-01
1.212651926761841442e-01
1.419614736046447279e-01
1.445177781259383842e-01
1.076358118083158844e-01
1.363869969558091366e-01
1.616840183097671135e-01
1.869479208564764350e-01
1.453095111525717908e-01
1.370894708659020633e-01
1.332346299400608280e-01
1.322603431694347464e-01
1.388168760173272565e-01
1.764875151977037537e-01
1.654157064296019608e-01
1.315626647458005560e-01
1.481162606573262763e-01
1.732808915393926619e-01
1.363041455702602434e-01
1.342947254133629864e-01
1.698939980932209215e-01
1.775615735809856210e-01
1.466475759824572567e-01
1.455588185816297786e-01
1.531602565318562204e-01
1.723916023121097874e-01
1.568604576707989251e-01
1.811550260984667871e-01
1.816152670816034431e-01
1.410458126830171910e-01
1.502163259246026839e-01
1.378886245950529943e-01
1.718039585503648714e-01
1.759294287684708968e-01
2.152175966852575284e-01
1.537729518773744142e-01
1.374830808846411456e-01
1.738274483383464575e-01
1.458337595215495330e-01
1.405656110910083745e-01
1.324274748328872209e-01
1.495373971839277782e-01
1.446263638478950675e-01
1.423065411999026308e-01
1.602000731049425530e-01
1.622463847902461120e-01
1.242876659062618211e-01
1.772715656392977457e-01
1.593117352805858422e-01
1.743428921777091800e-01
1.595965520717383956e-01
1.308773905155874162e-01
1.596424854222532330e-01
1.390882387433472756e-01
1.504980346897260568e-01
1.730617564452552604e-01
1.277202241041509312e-01
1.743573569431787484e-01
1.388019941862361772e-01
1.497858303371412680e-01
1.541276813491731790e-01
1.364763810386020182e-01
1.763610076804657534e-01
1.385267422940919813e-01
1.258774142677991092e-01
1.312136219212641230e-01
1.238679444816848246e-01
1.285560537527578318e-01
1.297244253324667251e-01
1.922272058069856293e-01
1.311503932720454457e-01
1.353841287950810768e-01
1.433215250823538511e-01
1.372183434504934407e-01
1.251600551470797573e-01
1.699137961167852817e-01
1.264517014228495051e-01
1.439788556792204466e-01
1.574693791156374090e-01
1.292289720331182556e-01
1.325588992986124481e-01
1.451621814892311013e-01
1.709007235595296492e-01
1.775767004776497848e-01
1.508977751197933814e-01
1.473459998114141356e-01
1.370212584860949490e-01
1.368435269459881976e-01
1.263353478224641391e-01
1.627051386435360292e-01
1.091024441156756425e-01
1.556744903050917284e-01
1.510030315956765457e-01
1.360311160125698693e-01
1.307812549416116910e-01
1.507077021416603491e-01
1.335437079192369758e-01
1.212814603720171885e-01
1.083051344654604731e-01
1.337915449728623030e-01
1.225431012500465960e-01
1.275498307900526929e-01
1.657909368739186595e-01
1.693178411699862440e-01
1.569149474102679298e-01
1.246205569275232877e-01
1.314547859426038467e-01
1.345850015462111970e-01
1.264456102098877877e-01
1.362757513710781410e-01
1.817905016375034599e-01
1.632067221720910621e-01
1.276579663841668211e-01
1.318779944926726233e-01
1.435967901835357996e-01
1.338422661535834113e-01
1.658823731322208450e-01
1.835255943409555557e-01
1.841584523028167164e-01
1.412077130295848193e-01
1.326548303537561646e-01
1.555658068166363706e-01
1.342223391406530963e-01
1.349653889121599781e-01
1.321745809190179033e-01
7.171284048785576959e-02
7.351698400758940877e-02
1.350998310514988643e-01
1.287924823068895552e-01
1.578528921437037658e-01
1.591440111721633965e-01
1.753327677569818943e-01
1.543415732410007291e-01
1.520098661516920968e-01
1.348398139021988185e-01
1.353424208075200141e-01
1.515097053451086306e-01
1.438822157130399682e-01
1.603624808567175319e-01
1.359276272030212340e-01
1.298399304338734295e-01
1.354091884447074234e-01
1.515879761530897762e-01
1.506545153279582605e-01
1.682162621265921032e-01
1.317909293990661979e-01
1.395219568398103072e-01
1.464004689823370231e-01
1.580854246203495517e-01
1.443713817173301051e-01
1.769646741077815499e-01
1.860786482585754520e-01
1.395049613629451568e-01
1.447181592079613832e-01
1.346964350297765456e-01
1.393052089489930367e-01
1.343616524977929994e-01
1.679735038132015301e-01
1.881899354148416637e-01
1.332889890518706988e-01
1.276998348604223288e-01
1.456628684590130507e-01
1.440688427699388097e-01
1.685162395381780698e-01
1.755981549056329916e-01
1.652209425553706479e-01
1.424664812830727934e-01
3.054666099848880878e-02
3.046907824972150056e-02
1.380687405176504456e-01
1.509972001059951552e-01
1.579340320807025022e-01
1.580578887850857817e-01
1.409610738797838492e-01
1.288614379033926061e-01
1.342689674107810927e-01
1.737640040297229183e-01
1.559747841240758104e-01
1.459690869715406514e-01
1.326692713591380857e-01
1.358874020056208554e-01
1.396949471685042521e-01
1.374745574725905473e-01
1.703271610260186641e-01
1.717270289904881120e-01
1.349345831267581841e-01
1.706669189980562218e-01
1.461134632678436907e-01
1.371903640878797681e-01
1.442799716605653315e-01
1.395461268724081660e-01
1.655938496503216451e-01
1.507466796705422551e-01
1.496692237663286851e-01
1.740224098195386482e-01
1.592709521086745628e-01
1.695414806531850838e-01
1.803675315571672821e-01
1.809358631262391603e-01
1.397232552381859616e-01
1.336479197785372386e-01
1.126193521530273606e-01
1.169238033405679694e-01
1.398485724270107089e-01
1.077758540563230338e-01
1.332992903902383286e-01
1.468394916727750743e-01
1.273362598804981816e-01
1.482630663400248405e-01
1.724021303477795419e-01
1.234235848721667167e-01
1.148167895848939413e-01
1.128180164959867587e-01
1.579633108707481637e-01
1.719441485479349108e-01
1.400512141884640571e-01
1.155491851042281665e-01
1.394664575543547447e-01
1.032425831617221901e-01
1.576265506934504679e-01
2.085875346820971754e-01
1.709857210250095849e-01
1.336797551439499465e-01
1.334694366061007775e-01
1.263497287202900998e-01
1.317858126689679388e-01
1.246077531221855966e-01
1.629802193049680326e-01
1.577904013593198762e-01
1.422113919123722814e-01
1.520564303391061245e-01
1.633359430191635431e-01
1.485516058635881209e-01
1.464967778200463311e-01
1.643681301054379651e-01
1.763016210214725654e-01
1.638005899375121199e-01
1.299147502604632298e-01
1.176885543962455510e-01
1.414988592908817955e-01
1.393181973915652572e-01
1.490777862034670109e-01
1.051597530422299503e-01
1.021787620639624389e-01
1.406696166489236066e-01
1.125343977852494848e-01
1.417455084135892385e-01
1.383903348234902797e-01
1.044634152447218023e-01
1.686622987661427209e-01
1.424155262553725987e-01
1.447804311595060900e-01
1.207562919775602289e-01
1.450145811658959671e-01
1.665905289195563355e-01
1.680095560312649672e-01
1.622801166040414855e-01
1.269700263771632587e-01
1.417379978980792543e-01
1.381135234528447775e-01
1.322016506999133256e-01
1.355930763141480755e-01
1.815303129219321687e-01
1.839621307443107812e-01
1.311529505500358683e-01
1.502329911256980455e-01
1.299947259009960887e-01
1.296701235911461858e-01
1.704738209404461635e-01
1.611427740623454230e-01
1.601901928496265448e-01
1.377050684505332356e-01
1.301473128586525252e-01
9.181653574738614376e-02
1.378076991833354914e-01
9.473462228951880226e-02
1.462069997612643613e-01
1.403117615521060346e-01
1.218462008559141746e-01
1.582699924269781733e-01
1.375151402459727779e-01
1.470346301589205984e-01
1.728744761717996015e-01
1.549361679769266364e-01
1.349260386879768125e-01
1.307220363698248233e-01
1.345727390092788800e-01
1.283941987025517262e-01
1.421142833421553120e-01
1.551415934068266778e-01
1.675994291223328048e-01
1.224433401805050808e-01
1.161745779504701342e-01
1.330420194873437878e-01
1.382385505143995663e-01
1.468294293537312778e-01
1.599990942975521580e-01
1.844227435111389368e-01
1.383934653832069039e-01
1.056172553274724590e-01
8.987374190773980698e-02
1.298605256959946552e-01
1.511758956195873027e-01
1.474032431347878647e-01
1.670882780865879103e-01
1.344204043904399515e-01
1.277874938385276660e-01
1.299788249316281008e-01
1.366915739109074990e-01
1.199848057247645677e-01
1.620626026063963776e-01
1.660805977721157012e-01
1.383057303609107336e-01
1.492102952296129881e-01
1.195982395699845408e-01
1.325220133742517070e-01
1.446347883410854795e-01
1.578224665085726508e-01
1.505831878328864892e-01
1.313205457575868096e-01
1.443784159291094660e-01
1.284350410631177053e-01
1.220033752674793553e-01
1.500032173587593221e-01
1.749872641215661773e-01
1.799299326888860462e-01
1.527818753402928886e-01
1.331179159363700126e-01
1.347833922219000280e-01
1.230683952069417525e-01
1.447367538681688104e-01
1.413397391566043049e-01
1.443452306083080061e-01
1.410686673028141713e-01
1.399223349721396559e-01
1.438864254117493691e-01
1.303467159587572977e-01
1.285109372605348632e-01
1.461789324350757646e-01
1.488852573626823217e-01
1.279820161535178691e-01
1.307406465995921419e-01
1.266497074174478821e-01
1.470022363986626113e-01
1.495708065870832992e-01
2.114388368866690626e-01
1.881442959080742994e-01
1.291769753065747373e-01
1.248937056167182674e-01
1.528270545251991797e-01
1.727492981346799017e-01
1.245394666651741533e-01
1.480034400182726750e-01
1.686259913229024299e-01
1.323016278861532669e-01
1.251202885059181646e-01
1.388834620893344696e-01
1.344606074826612541e-01
1.471478513336335892e-01
1.624210100414907598e-01
1.709305871736377103e-01
1.385856102339863838e-01
1.425769332171458459e-01
1.280860882046637172e-01
1.296313837941479863e-01
1.428675177600151613e-01
1.665648047235401552e-01
1.507370320500129035e-01
1.414682695786093070e-01
1.442490201890902490e-01
1.408739893264502607e-01
1.564675948647214765e-01
1.508342637353017879e-01
1.655925456502952697e-01
1.586222494008806272e-01
1.561781370351675857e-01
1.793813060339809751e-01
1.340234849200594158e-01
1.753341950432220353e-01
1.811237766758711787e-01
1.589458666568313305e-01
1.751637182148660377e-01
1.404647164461230932e-02
1.175674083301243705e-01
1.674846032651891303e-01
1.408294017311043367e-01
1.861494106809835625e-01
1.647426526390315116e-01
2.043210234213943821e-01
1.536738634544731197e-01
2.480748027599618266e-01
1.546514765148402915e-01
1.264169177835226809e-01
2.439052059127218286e-01
2.036003783136492717e-01
1.835459029138551412e-01
1.402650871659756257e-02
1.178002487887956917e-01
1.304557098932911385e-01
1.418908756435731944e-01
1.599719466873374962e-01
1.417184629675118657e-01
1.344667309146618528e-01
1.557690704725785691e-01
1.252936719591387915e-01
1.481603995704345311e-01
1.807853168809685773e-01
1.502190987060547933e-01
1.173928187739235185e-01
1.611218115666104012e-01
1.673206623427516138e-01
1.640578659762458869e-01
1.767033701572680304e-01
1.505563641760137850e-01
1.338760764013225413e-01
1.382898330311626567e-01
1.380315297900695792e-01
1.417480590622431647e-01
1.267007758088853631e-01
1.733012764517392335e-01
1.788571441680603114e-01
1.398175973175832809e-01
1.423096443397291189e-01
1.296829366523382931e-01
1.258657104709869912e-01
1.251340778214437288e-01
1.409303645643879277e-01
1.294388403707277257e-01
1.365754799678175757e-01
1.461897116329384516e-01
1.276836952784107804e-01
1.243809221751166483e-01
1.276962181251961037e-01
1.183935305849547481e-01
1.219999231682522417e-01
1.397981726663183599e-01
1.390376896451163691e-01
1.310291584429204015e-01
1.365127205309467628e-01
1.367586894469062786e-01
1.775315461531578320e-01
1.671838346114540019e-01
1.275905731101047158e-01
1.313294744874740627e-01
1.262290854918180494e-01
1.288623055090213909e-01
1.430039400572955255e-01
1.623669369794671635e-01
1.575555866745595723e-01
1.297159396542459653e-01
1.424780500133429884e-01
1.330237408548321787e-01
1.482856347767075866e-01
1.490073443734366287e-01
1.736277827319520906e-01
1.765639391635613897e-01
1.391184695838921515e-01
1.197301237617095920e-01
1.337871213524458314e-01
1.429504975539601097e-01
1.206293521034092903e-01
1.710914903692368760e-01
1.562200281933600332e-01
1.584599508357892872e-01
1.537567563039473617e-01
1.296149280331037601e-01
1.366105711603126938e-01
1.456314152897718317e-01
1.689308872264503603e-01
1.521673376073941486e-01
1.296745430751713446e-01
1.349729285600111406e-01
1.295229513369687280e-01
1.400961760966484282e-01
1.394350687992351734e-01
1.471686319190457226e-01
1.399710460367790676e-01
1.325881243151036948e-01
1.543430728602988855e-01
1.260828746863817407e-01
1.179571066850743505e-01
1.696136314710970094e-01
1.015581416017219546e-01
9.871912170267142794e-02
1.352130299078908304e-01
1.501647677196513153e-01
1.387461736595347606e-01
1.642277831679301026e-01
1.555164561354859809e-01
1.421294658951503254e-01
1.360727494460849951e-01
1.272563615140524518e-01
8.418832067100592842e-02
8.772841704936924778e-02
1.811005781016180038e-01
1.600947934076849266e-01
1.294608164370328607e-01
1.230838408967147857e-01
1.328308683759979458e-01
1.244022011244785009e-01
1.249691337819320153e-01
1.362904937949819262e-01
1.349095463689192753e-01
1.288928565416442851e-01
1.270284729928157497e-01
1.336915383420481662e-01
1.330173740274191441e-01
1.284432736740674097e-01
1.549841923958035494e-01
1.546844357531468872e-01
1.048161047624966702e-01
1.071141757738037908e-01
1.441896436787414026e-01
1.362631488375685151e-01
1.250879511490258500e-01
1.653466302332588511e-01
2.151474066767190274e-01
1.386394313603214190e-01
1.379492256460018718e-01
1.160860491813701795e-01
1.395349681569057476e-01
1.666760404605552581e-01
1.804102324120287759e-01
1.237110876132691273e-01
1.229693169572044359e-01
4.563786036125858786e-02
4.515650312453771409e-02
1.301247863538711469e-01
1.552932861415525501e-01
1.505191530708210046e-01
1.660967357790556764e-01
1.279181196631221373e-01
1.255564624098526871e-01
1.329552525513159333e-01
1.434434941524125318e-01
1.439522921077205087e-01
1.504156888108213186e-01
1.173816928147675825e-01
1.127746092548908424e-01
1.112496219381135104e-01
1.345663382871397640e-01
1.333742345302739163e-01
1.500472360787954429e-01
1.329053636762397017e-01
1.257802115181527458e-01
1.230230133424864286e-01
1.216936556269552216e-01
1.252018866068200509e-01
1.331859917952824546e-01
1.448990625537768528e-01
1.658637851823918374e-01
1.238794975151603084e-01
1.161154642159027972e-01
1.275183838179842211e-01
1.336108888710449971e-01
1.640873051004091976e-01
1.781335027818481964e-01
1.330033933056329887e-01
1.393622317375123043e-01
1.334808486125698690e-01
1.294766283619742664e-01
1.364794021614635089e-01
1.899484827338697446e-01
1.572470370206363877e-01
1.390998089396908166e-01
1.251246668452397903e-01
1.901048485874935745e-02
1.897351363838827021e-02
1.368646591359295450e-01
1.626285352239515147e-01
1.212545499096521762e-01
1.371879059103826015e-01
1.243564919470802194e-01
1.284403787268502961e-01
1.271573709999873902e-01
1.514147132559361675e-01
1.591866176560015333e-01
1.200604198646157417e-01
1.254767933785381206e-01
1.334994751550602488e-01
1.219107899753370527e-01
1.366566883723157599e-01
1.477524256669916769e-01
1.329911771156585543e-01
1.417700513905637005e-01
1.216246003588969254e-01
1.190755781839008404e-01
1.308565548877872742e-01
1.448383622310574215e-01
1.250505954042560319e-01
9.793859413232026967e-02
1.171498183362379847e-01
1.218848182983514605e-01
1.144297175858575433e-01
1.222764105192660905e-01
1.492073748721444992e-01
1.126177298705625662e-01
1.309430190267033556e-01
1.888512093169311679e-02
1.883157625152420342e-02
1.258681672355698722e-01
1.469435860213466061e-01
1.434406686299681544e-01
1.150195073448797706e-01
1.032814781508869240e-01
1.194428824853989018e-01
1.371135057457227302e-01
1.262012314056689399e-01
1.558020631873121842e-01
1.708347790774965014e-01
1.283177186607486198e-01
1.180931830294338486e-01
1.218055843181646836e-01
1.172982985781979848e-01
1.235807433692252544e-01
1.159663315085969482e-02
1.159192053310672231e-02
1.760765312424852555e-02
1.755795954540088216e-02
1.281900926365443782e-01
1.332759048787061362e-01
1.306367958130763285e-01
1.845476865057944504e-01
1.597933053923144553e-01
1.551169083657835124e-01
1.156108516208453618e-01
1.275263551494416614e-01
1.173146393697371698e-01
1.183723556455490988e-01
1.393069880282589157e-01
1.481755311055820423e-01
1.145294738942925911e-01
1.301119846607035890e-01
1.257713070132050470e-01
1.057448874367832442e-01
1.076677563796630682e-01
1.851168295325324453e-01
1.515479028892250390e-01
1.109065000193787814e-01
1.181372081772841670e-01
1.277223287724418010e-01
1.224660633649324176e-01
1.240047914146567148e-01
1.657521510384338814e-01
1.544118021461266255e-01
1.153887970817307901e-01
1.127724501494330039e-01
1.135224243495301100e-01
1.324375252905093114e-01
1.212373712822736177e-01
1.588675679252392059e-01
1.562669533073586525e-01
1.270696098644978622e-01
1.423316394389674833e-01
1.261711844073883093e-01
1.181196956979303075e-01
1.249298477927804490e-01
1.632365429961061820e-01
1.649062714520188877e-01
1.029559742826352264e-01
8.288724297396828089e-02
1.210358328744384482e-01
1.300913022006309483e-01
1.091757646000418025e-01
7.211296735517760959e-02
1.288611988870602132e-01
1.192317799176741688e-01
8.521973102221425123e-02
7.529170449599584258e-02
1.043506232660227351e-01
1.816686790323622513e-02
8.569080385900568197e-02
1.788231251979867723e-02
1.469554952322690150e-02
1.469125726154426465e-02
1.457469958799378906e-01
1.325292679504177507e-01
1.256959913826188047e-01
9.652464392430296081e-02
9.627314278228998878e-02
1.438744583894242812e-01
5.831124713096450668e-02
1.390022343605820110e-01
1.341646686207424999e-01
1.165073013701368836e-02
3.095256669542055875e-02
1.348350982125702258e-01
1.471191044538228965e-01
2.326431214806005954e-01
3.442750149949395932e-02
1.252204261931900986e-01
1.188008252252244351e-01
1.163637278355144217e-01
1.169486709031985899e-01
1.423311801063191495e-01
1.087490472049695567e-01
1.029025225680515743e-01
1.300826714169067144e-01
1.532929872355462686e-01
1.393284263921765465e-01
1.025189276025883084e-01
1.953828691996601918e-01
1.323499387754145939e-01
2.019324330876960116e-01
1.050019072219361554e-01
1.213471228444794464e-01
1.235281772124567634e-01
1.089008829126357075e-01
2.230983257324464092e-02
1.599324771028003481e-02
