2.537542380293191790e-01
2.109253588537149671e-01
2.093174457546378986e-01
2.544631023652896840e-01
2.797599115483124232e-01
1.950104404925532831e-01
1.773288052557021877e-01
2.477929433180486585e-01
2.512511778218691205e-01
2.461196601922643334e-01
2.293735325736881436e-01
2.588253330781906669e-01
2.269277958711557741e-01
2.457639090553756789e-01
3.626584781878972596e-01
4.460817056016096460e-01
2.503052478108736545e-01
2.329784559822249412e-01
2.415267526160405354e-01
2.171697527408090744e-01
2.002392855124244253e-01
2.546647743090692528e-01
2.015258215730959535e-01
2.118478027300839395e-01
2.388946140526916617e-01
1.795493168074986656e-01
1.990900751083269915e-01
2.556431027549072588e-01
3.169179617932579296e-01
2.515461192102683707e-01
1.727583770584994183e-01
1.918026872334114008e-01
1.975192320408291347e-01
2.518000143485037978e-01
2.592283132763830711e-01
2.243957880142381789e-01
2.348461862727310168e-01
2.983403773193049058e-01
3.314792787547538033e-01
4.460817056016096460e-01
3.622955368009679877e-01
2.075794788482166475e-01
1.843423729066351602e-01
2.053653625851337428e-01
2.325482210891945400e-01
1.756444481676712743e-01
1.705194585390524264e-01
2.094478700683045092e-01
2.045093298862274145e-01
2.062541989187457736e-01
2.072130071093884196e-01
2.240488603944891521e-01
2.750887166673003370e-01
2.322036787639866484e-01
2.253123487739810971e-01
2.202329186076560918e-01
2.343534049267792796e-01
2.306603594058843909e-01
2.417133102843152526e-01
2.153072934580109732e-01
2.319480794756483832e-01
2.424049526767595442e-01
2.391645036187532436e-01
1.954765882674185107e-01
2.014731165329355922e-01
2.040962890250263007e-01
1.860839341466349328e-01
3.138374759806937808e-01
2.113518655888140529e-01
2.355418947872439384e-01
2.597684679191173407e-01
2.082617286051256233e-01
2.285081303473242564e-01
2.675494691624575316e-01
2.267386867095720626e-01
2.034226485209066071e-01
2.041951496067986593e-01
2.465687008119601120e-01
2.875292280753184992e-01
2.919523064551784453e-01
3.087182829702589948e-01
2.684027023450469840e-01
2.102710977327807984e-01
1.920620142746529979e-01
1.888373264770417392e-01
2.356591044483694886e-01
3.370379732119386240e-01
3.966968032124859600e-01
2.867387539799007290e-01
2.439856587146377320e-01
2.175943386525961698e-01
2.076422884844699446e-01
1.960704343140547701e-01
2.021465903249486107e-01
2.334935739032264479e-01
2.816676900312980458e-01
2.664122883527748065e-01
2.131431603255930229e-01
2.277072063114389255e-01
2.332720938870735394e-01
2.469959103137940870e-01
2.821312500188035144e-01
2.879511265748124771e-01
2.868560863416339535e-01
2.733339256903870029e-01
1.959892238335075587e-01
2.379620422801152213e-01
2.426463690809834151e-01
2.090547797308880684e-01
2.327863010882321726e-01
2.000297124827328521e-01
1.858880806632823568e-01
1.898075549791642114e-01
2.936459117043591638e-01
2.455460577789345122e-01
1.886901651556317783e-01
1.799782339041569312e-01
1.893907312920237451e-01
1.922986207558536054e-01
2.167765760173706036e-01
1.993271074706907398e-01
2.169463668007801382e-01
2.010678270083285091e-01
2.274904767964067709e-01
2.114452648184481920e-01
2.373388862987254877e-01
1.943938685041024794e-01
2.029625388330606184e-01
1.984897099838404122e-01
2.175754823555240969e-01
2.136293610054867398e-01
2.047550892305815828e-01
1.926144386047892731e-01
2.032784039284142308e-01
1.787329591248597027e-01
1.931930097366508781e-01
2.003505893075919198e-01
1.936272403303600509e-01
2.395402567169553354e-01
1.883596254872655640e-01
1.702981722076815640e-01
1.809055556664593833e-01
2.158095933247669018e-01
2.125134635571052921e-01
1.699544041342407608e-01
1.784141756162974934e-01
1.981933354940313419e-01
1.976752488357774173e-01
1.840758353861801644e-01
1.779964628358155498e-01
1.577966879671734435e-01
1.579502320172311014e-01
1.743275165798667259e-01
1.897972230412613703e-01
1.700499722351111187e-01
1.648493845027251270e-01
1.762540291666064574e-01
1.731966156852269845e-01
1.613419033133264013e-01
1.798419394427412110e-01
1.878911995137843016e-01
2.007597257367013110e-01
1.903489337258318648e-01
1.700298975167645610e-01
1.752070571273501021e-01
1.658797366847382382e-01
1.895920811233540171e-01
2.709067153409964734e-01
1.603452064981785441e-01
1.694876053505798841e-01
1.596953902657227975e-01
1.664854138471114908e-01
1.671523262410749278e-01
1.703746407069076929e-01
3.966968032124859600e-01
1.869380569330480746e-01
1.676638772417902989e-01
1.491527122055396060e-01
1.483399890828063228e-01
1.885300805463783480e-01
2.146187195608863230e-01
3.169179617932579296e-01
2.001080644177850032e-01
1.539208954735205026e-01
1.664006264690039982e-01
1.657520232004535410e-01
1.594971219937129092e-01
1.952396109573166505e-01
1.458245829564645824e-01
1.576664005239815924e-01
1.519344889128125264e-01
1.561139763126820623e-01
1.829741626981467584e-01
1.698634468996389202e-01
1.402110025813915750e-01
1.424820142506608434e-01
1.476477807219827021e-01
1.276456886020413684e-01
1.481447910315555061e-01
1.955186237009177430e-01
3.123564588583290225e-01
1.576830466912175488e-01
1.614115567158962150e-01
1.615890787701989018e-01
1.568755764209020520e-01
1.567800863262697186e-01
1.542069709075605533e-01
1.525944014780657443e-01
1.656330931599550582e-01
1.900394092119666034e-01
1.808532836590132364e-01
1.982688677185457382e-01
3.624695423352679025e-01
1.827023115709138223e-01
1.873222340312459266e-01
1.626141261416716721e-01
1.616117319376264294e-01
1.485127056511313937e-01
1.794487971291865991e-01
1.691129739299771506e-01
1.865913500004537096e-01
1.673748779060725833e-01
1.632291721883079583e-01
1.572041990283889468e-01
1.608982021446559441e-01
1.710039811787065767e-01
1.618790907113727973e-01
1.616435386688352127e-01
1.630115080443470255e-01
1.476796950555127330e-01
1.853646236340920628e-01
2.473452897166165398e-01
1.647759682520212043e-01
1.545214873767745689e-01
1.522682526704400852e-01
1.611011909369706174e-01
1.651001274724432921e-01
1.669238898279826466e-01
1.874614062502873435e-01
1.573402207007729148e-01
1.491611234766865024e-01
1.570490815324028511e-01
1.746387697118455817e-01
1.569730506826633454e-01
3.371727061763367117e-01
1.507114238291441255e-01
1.439698247015459287e-01
1.428305997595435139e-01
1.633964815938456216e-01
1.327720851814730152e-01
1.327358052439976122e-01
2.210593303613781480e-01
1.447029718225956441e-01
1.394194888524701859e-01
1.489734518166946631e-01
1.604586998037641210e-01
1.571374748018856404e-01
1.601615898744344069e-01
3.628331070039927386e-01
1.592811913241024557e-01
1.411839592775407104e-01
1.540993747326082353e-01
1.424842146710262325e-01
1.543279260895198679e-01
1.647890071382227817e-01
1.427495767175445684e-01
1.330329674709594956e-01
1.431929876073090857e-01
1.700853108117743595e-01
1.562836459392903943e-01
1.921823275698286981e-01
2.139623425419404923e-01
1.600645553561834133e-01
1.490456052504298134e-01
1.534734292245517051e-01
1.864874655853758223e-01
3.391705189890484307e-01
3.060570133244840396e-01
1.467621589227334766e-01
1.303221062406587638e-01
1.495103130058807739e-01
1.573059214303100528e-01
1.619889664758080994e-01
1.523756717869396704e-01
2.503005529728942191e-01
1.559402658805190689e-01
1.516422752884411251e-01
1.532372896740397117e-01
1.428881432735891743e-01
1.538885379612871529e-01
1.526413725497638152e-01
3.294200585996575059e-01
1.584688187346750543e-01
1.350883755503790029e-01
1.351883649963093736e-01
1.310089369621673938e-01
1.496973072801709437e-01
1.763134327403730051e-01
2.326591713736148315e-01
1.662300022740660077e-01
1.419108020075151022e-01
1.505926990351332817e-01
1.469006617032776185e-01
1.631724843385047308e-01
2.304642527761433246e-01
1.000000000000000000e+00
5.118807188893517157e-01
2.554357188724373784e-01
1.762856053560035718e-01
1.650708648025731862e-01
1.899939134492514003e-01
2.183478838441721692e-01
3.956699617129139646e-01
3.332534461142410143e-01
1.604057673660103933e-01
1.516631439814765669e-01
1.767412505327193295e-01
1.630858701947417166e-01
1.677594354858369108e-01
3.059072081867644788e-01
1.770600541137348771e-01
1.644246090300953700e-01
1.613597060656131732e-01
1.481339388056631401e-01
1.571273106299627964e-01
1.776475239901700032e-01
2.356034106720870658e-01
2.008631604741211441e-01
1.523880366707851819e-01
1.446031899158996548e-01
1.488887868099522394e-01
1.591510559630906207e-01
1.703296149458816966e-01
2.852880040317704591e-01
1.473449483890214851e-01
1.281731512619350977e-01
1.468524329918510229e-01
1.598015454184692485e-01
1.496178527814066572e-01
1.827280116048343173e-01
1.544270093180695191e-01
1.379272213346413867e-01
1.631264531922808070e-01
1.451581371406362730e-01
1.472048107948505102e-01
1.849475862714016483e-01
2.270726639684914894e-01
1.594587368033799635e-01
1.304554164608310307e-01
1.400257576729021791e-01
1.642431551065780537e-01
1.542423352837136719e-01
1.561037911824808555e-01
1.980443936603596689e-01
1.525603904377039188e-01
1.795803138509855790e-01
1.528211244079459297e-01
1.589715532896474881e-01
1.488294725353152548e-01
1.796373085443172812e-01
2.744663390064318587e-01
1.485095481360734215e-01
1.801794256874381661e-01
1.569342053566870343e-01
1.521413465031137002e-01
1.364012305272482017e-01
1.555734213897541629e-01
1.462902602543960096e-01
1.566738804255971562e-01
1.588423311964519691e-01
1.520974673507898278e-01
1.700897777413580281e-01
2.162906321598923320e-01
1.567986855559878878e-01
1.701517409745431086e-01
1.670166780093441383e-01
1.505750093196196737e-01
1.458431238372054906e-01
1.643137983202588304e-01
3.001511893550951604e-01
1.323283344738852285e-01
1.476788370085676261e-01
1.717966203036075945e-01
1.371857601406500371e-01
1.593327101773547305e-01
2.028796256079092586e-01
3.187475815039330085e-01
1.360570681382276270e-01
1.435036629292593402e-01
1.360074744950481862e-01
1.742074794844420127e-01
1.530512169783802834e-01
1.529163740556719053e-01
2.974381649519171611e-01
1.400536040440549246e-01
1.464601290816687496e-01
1.515542479818291488e-01
1.455199397744237066e-01
1.343251020437249976e-01
1.347599639570109531e-01
3.961952386483198474e-01
1.513786818303063941e-01
1.405911569737814670e-01
1.482361965538387394e-01
1.279361122809014872e-01
1.415546443794659659e-01
1.671994906520385404e-01
2.964201691886867995e-01
1.203066423646561717e-01
1.332709257477234510e-01
1.568079258813183940e-01
1.541500437466767071e-01
1.408334679399758649e-01
1.723824363161964579e-01
1.591193791251374057e-01
1.606316549749935430e-01
1.430779288180044073e-01
1.339517228964977880e-01
1.530669216961281776e-01
1.500872560169388692e-01
3.588979463780286872e-01
1.403648753022629370e-01
1.167171886114045931e-01
1.202537909672838634e-01
1.291405660232551877e-01
1.330890619324182622e-01
1.440258483480435781e-01
1.155506209800444134e-01
1.230087271270225019e-01
1.157356262461559093e-01
1.308548901287918953e-01
1.506659583704200167e-01
1.551828335100218503e-01
2.858081798421561182e-01
1.331189498658133241e-01
1.247040329672162856e-01
1.613685209638160978e-01
1.355685579102639537e-01
1.262167534751651998e-01
1.426493052707409892e-01
4.145159293771200626e-01
1.500977937666834461e-01
1.560166081910322744e-01
1.506400714527096618e-01
1.383416310448897513e-01
1.380475326449698836e-01
1.539263069485707625e-01
9.922351474552733308e-02
9.561274811360516435e-02
1.431007064699007514e-01
1.257824543157444741e-01
1.623580349903528675e-01
3.961952386483198474e-01
1.277754965969924161e-01
1.266272672512158415e-01
1.366504174333778299e-01
1.401163998909736585e-01
1.429976164654935822e-01
4.460817056016096460e-01
1.321565475843421711e-01
1.296404554114560514e-01
1.265715143310408575e-01
1.295214835820577282e-01
1.421712234240044836e-01
1.759119889317732888e-01
1.745896711769733267e-01
1.448711475050429853e-01
1.572229494310980469e-01
1.684352582479031746e-01
1.988038956473184571e-01
1.974589216115205104e-01
3.804640849612597742e-01
1.662719747590701014e-01
1.472731803627471137e-01
1.477617764760732477e-01
1.442621746053724396e-01
1.724733978805380319e-01
1.931592959979378521e-01
3.505528467107502100e-01
1.657623360548840796e-01
1.437139502416832915e-01
1.520080739758369603e-01
1.693229113079050274e-01
1.969701742281993462e-01
2.364619246780840789e-01
1.663061452449603739e-01
1.710138673698528844e-01
1.702989741631077414e-01
2.022180070693611054e-01
1.914988644119730576e-01
3.282229300554847518e-01
2.386652484394332363e-01
1.865327812146833075e-01
1.634337394457986148e-01
1.632096595369927072e-01
1.599805425720680629e-01
1.842532255937204821e-01
1.708838042386839062e-01
1.536581969838937689e-01
1.231549065282123018e-01
1.249277162878339037e-01
1.415206688416663083e-01
1.852854703681532100e-01
1.000000000000000000e+00
1.906510241872549638e-01
1.826213404154303499e-01
1.628970280815409122e-01
1.656922881276308990e-01
1.562670434764682481e-01
1.762255784780146772e-01
3.071452068673439784e-01
1.165576756784940660e-01
1.278108977775558042e-01
1.483226060233279742e-01
1.315000407413741412e-01
1.767616704245533188e-01
1.573758295101466143e-01
1.489679341943785096e-01
1.382337435580508755e-01
1.381377050648977534e-01
1.532933281325215280e-01
1.576046163274040235e-01
1.513185320428300229e-01
1.530069670767148227e-01
1.300838816240295071e-01
1.324142153602063943e-01
1.743558123223690748e-01
1.705027616267117963e-01
2.044972352147000072e-01
3.997751179914527664e-01
1.712221803133101850e-01
1.401305578594480294e-01
1.600082798869305878e-01
1.222751642645233811e-01
1.247402435950558802e-01
1.687009678564333481e-01
1.951330022874495917e-01
1.624958608918860570e-01
1.317308970556743397e-01
1.360383459486416147e-01
1.323489512699481951e-01
1.472234924974070991e-01
1.716297214860115217e-01
3.546174446267182367e-01
1.620682975031438044e-01
1.542637776894436596e-01
1.393716206363745658e-01
1.386733686148387545e-01
1.703193585154459955e-01
7.502377868086574919e-01
1.298694749768735390e-01
1.352101374466517236e-01
1.320824016772979281e-01
1.349091182504865705e-01
1.357735223206761044e-01
1.362752127943208658e-01
2.835077791583950346e-01
1.215897901383840296e-01
1.395394167192199886e-01
1.421457769509845981e-01
1.270597825609288412e-01
1.127288615561588964e-01
1.631861773347595135e-01
1.523919032789722294e-01
1.217662393758765088e-01
1.128829821668055067e-01
1.270465729713952385e-01
1.120703308447979496e-01
1.240170227637256706e-01
2.958163559215791771e-01
1.337024164314572217e-01
1.375598050379255588e-01
1.280380829177029112e-01
1.299344708581057772e-01
1.129599814430346516e-01
1.076414179712097546e-01
2.867387539799007290e-01
1.107308199538797749e-01
1.382612152509500592e-01
1.364734516762731442e-01
1.240920956515019907e-01
1.283060823351047652e-01
1.187545619817399339e-01
2.729596548429488179e-01
1.147431302510346363e-01
1.441962437443787826e-01
1.447892121861866499e-01
1.201510438601272740e-01
1.510497913791854774e-01
1.484787229383043583e-01
2.160822284246950442e-01
1.021511427711394859e-01
1.164259815599493209e-01
1.197679829838307619e-01
1.211488283953932044e-01
1.134126375088549965e-01
1.108585388245191955e-01
1.927937310229781709e-01
1.166110362530096145e-01
1.204320839388987180e-01
1.232682316523921878e-01
1.451873417703065106e-01
1.188825565427973630e-01
1.242291604867806210e-01
3.335235121723701401e-01
1.192770425132287232e-01
1.385367339707898604e-01
1.184197838392134494e-01
1.182031057947663388e-01
1.253184032513169621e-01
1.635412180334709920e-01
3.624695423352679025e-01
1.105865091710246662e-01
1.236982536483347550e-01
1.290498358362058007e-01
1.196499296077402630e-01
1.400305038796607615e-01
1.116755528823004384e-01
2.782847748608414107e-01
1.124566995106098533e-01
1.277607362920666345e-01
1.298816302716974402e-01
1.334624803218733557e-01
2.345434924745764815e-01
2.270239713811990911e-01
2.430495561065673937e-01
1.229058595036570806e-01
1.205296085398452482e-01
1.292627456453690205e-01
1.362549396707462002e-01
1.288181533531882750e-01
1.562927285462984706e-01
2.737244008058975497e-01
1.324742130137760154e-01
1.403974922253306001e-01
1.380798612197121633e-01
1.321590499347152503e-01
1.345425912003496149e-01
1.724850603846763419e-01
4.354917490688741677e-01
1.419220280033570702e-01
1.247553711235447060e-01
1.664359988950037672e-01
1.285186207959405080e-01
1.271110689407473071e-01
1.882893848020053829e-01
4.460817056016096460e-01
1.919774720351884456e-01
1.800738794719426439e-01
1.524994846255115222e-01
1.499743361433315270e-01
1.891363010171179249e-01
2.641400574258432332e-01
3.531021864562549628e-01
2.255216183745780978e-01
1.404959085504471628e-01
1.400266844182581349e-01
1.775301501996598974e-01
1.608426327362041386e-01
1.618414094455262742e-01
1.474416180033365775e-01
1.471169435666408731e-01
1.694501184942343308e-01
1.821803971909149722e-01
3.499132478057422335e-01
1.711016930298489558e-01
1.406596305966428540e-01
1.381998539096412904e-01
1.528860165348536193e-01
1.519553287792826390e-01
1.528394508815308084e-01
2.424982852799896227e-01
1.663402203982349836e-01
1.569000031770708958e-01
1.528657652090179009e-01
1.535702879831385426e-01
1.639091894733946952e-01
1.424932201513828822e-01
3.099062646881095562e-01
2.502686669481931636e-01
1.524421251901576513e-01
1.487971078982652517e-01
1.812991327817229936e-01
1.897451324098245184e-01
2.139967173155951918e-01
2.995088469133720954e-01
1.609259591107047305e-01
1.459087156252408812e-01
1.353085288643747774e-01
1.522862661512605076e-01
1.523641731581944769e-01
1.541461027742365986e-01
2.735734681835204629e-01
1.407229688149376490e-01
1.304566344853859139e-01
1.279865654814316134e-01
1.027012380650384749e-01
2.105298293285802202e-01
1.743184195430325101e-01
1.654209739088389752e-01
2.051619176155723978e-01
2.013251289948774225e-01
2.589819764393098689e-01
2.278411371817135045e-01
2.321323692786598225e-01
3.149116232717930064e-01
2.379486856216575519e-01
2.359654087822064261e-01
2.574932316027226942e-01
2.984237693468790864e-01
2.315675286625543394e-01
1.955581702368262564e-01
2.395131727261371468e-01
2.842586551362834002e-01
2.699767078117872865e-01
2.423169487175703685e-01
2.595977207398378894e-01
1.971948703798430957e-01
2.429147296104186560e-01
2.419558659461765460e-01
3.003317515087781664e-01
3.465649638762711149e-01
2.293459308835468502e-01
3.180635739762824321e-01
3.383836624116909331e-01
3.793712140347187955e-01
2.852810859555785505e-01
2.505971502261672978e-01
2.274684537928999550e-01
2.612722555291702164e-01
2.354000832116019404e-01
9.361516430867820038e-01
1.000000000000000000e+00
7.163219476634745675e-01
9.360797292725993035e-01
4.494189325373514343e-01
1.000000000000000000e+00
4.460817056016096460e-01
3.961952386483198474e-01
5.118807188893517157e-01
1.000000000000000000e+00
4.494189325373514343e-01
3.501560616262742731e-01
1.000000000000000000e+00
4.599879174977887231e-01
3.560761094416585726e-01
2.606873158803258428e-01
2.648766011791703345e-01
