2.366626556212492738e-01
2.916068686481155803e-01
2.296277318767063202e-01
2.352068327234250744e-01
1.883134036403973921e-01
2.006343600147906803e-01
1.869356018436455491e-01
1.840864515935376755e-01
1.960498477838969467e-01
1.990923643380671793e-01
1.805023031384092314e-01
2.422880047890075828e-01
2.181447385896108926e-01
2.098922223462808823e-01
2.052067909632731557e-01
1.850303447181201877e-01
2.041556978798095556e-01
1.744823131343651024e-01
2.150461134565694321e-01
2.300554098836143924e-01
2.139405844385820765e-01
2.255149315210467909e-01
2.134575056603511822e-01
2.001137093548073231e-01
2.029704225206295787e-01
2.134791263188077215e-01
2.243323457338251004e-01
2.271229621373778707e-01
2.405617372367480633e-01
2.376473719229698078e-01
2.285924320684099564e-01
2.470984395767829578e-01
2.294433393758006368e-01
2.504824544715507639e-01
2.275049407510476851e-01
2.617977490758006676e-01
2.619738702747074210e-01
