5354 5400 5401 8691
973 4348 6457 7262
12 4151 6350
7953 8206 8207
93 1272 3437
4208 4209 8423
2068 6436 10885
365 366 722
403 404 4062
7923 7924 13296
207 504 505
342 755 756
814 815 1871
805 3796 4333
3555 3556 3557
862 3506 5255
880 881 1419
12498 13263 13264
6444 6591 13848
994 1044 1045
35 492 1727
6357 13453 13454
6616 9443 9444
9457 9458 10458
5415 5416 5490
1321 5427 8925
5499 5500 5501
13796 13797 13798
1161 1593 1594
235 266 267
4695 4696 9796
284 1288 2858
9911 11320 11988
5820 5821 7047
1763 1764 3078
14081 14082 15008
5911 5912 9280
613 5924 5925
12595 12596 16011
11932 11933 12516
5528 10112 10113
2034 9949 13606
10473 10474 10475
2302 2303 10137
227 6525 6526
678 2454 4792
6618 7386 7387
14922 15359 16169
2910 2911 8358
10841 10842 11144
3629 7099 11114
153 3005 3243
7133 7134 10652
619 3065 3066
3925 3926 6461
2293 5315 7515
8321 8322 15580
3309 4355 6176
4816 6105 6106
3400 3401 3757
3408 3409 3654
1262 2062 9841
13812 13813 16619
2091 5165 7442
3567 6049 6704
15857 15858 15894
1815 3592 8188
3714 3715 3716
4656 12116 12117
2721 2722 2723
4008 4009 4010
3406 3407 11574
23 24 1919 5057
6610 6611 11927 12554
49 432 4907 4908
842 843 3547 3669
1742 1743 9527 9528
1346 1347 9593 9594
9938 9939 13734 13735
2445 2446 5723 5724
7321 12570 12571 14128
2604 5216 6602 9436
15039 15040 16267 16268
3222 3970 4016 7354
0 1101
1092 8194
533 683
4102 4103
2517 8202
8203 8204
19 2284
1587 4123
29 30
5714 16417
4131 10428
16036 16421
8231 14337
41 42
4138 4139
8239 8240
16434 16435
51 52
4149 7715
3828 7002
16439 16440
57 58
5471 5472
4157 4158
12350 12351
16447 16448
16394 16395
4165 4166
70 71
4171 4172
12364 14117
77 78
1957 8273
12370 12371
2854 4179
84 85
6478 12376
12378 12379
99 362
12390 12391
4522 8295
16488 16489
4201 4202
6995 12395
2980 8300
16498 16499
8508 12403
16502 16503
8314 8315
12414 12415
16139 16516
140 141
4237 4238
6414 6415
12434 12435
4243 15023
12437 12438
4247 9329
4250 4429
12443 12444
159 160
166 167
4263 4264
16552 16553
12461 12462
174 175
4273 4274
178 1611
8373 8374
12470 12471
4281 4850
16572 16573
189 190
196 375
8389 8390
8683 12487
2376 4296
203 204
16589 16590
211 212
16595 16596
7608 8408
216 217
4666 8410
12507 14780
16604 16605
221 1385
6245 8229
4320 4321
16614 16615
8426 8427
12523 12524
237 2039
16623 16624
4337 14284
243 244
988 4342
4343 7813
8440 9857
16635 16636
4351 4352
256 5630
12545 13026
261 16299
8873 8874
4361 5115
8460 11172
16654 16655
2093 2094
272 276
4370 12129
8467 8468
11420 12566
279 1702
4376 4377
8473 8474
16668 16669
16671 16672
2943 8485
294 3910
8487 8488
12586 14164
16682 16683
12590 12591
4399 4400
4406 4407
311 853
16695 16696
1925 4415
321 1924
8514 8849
16708 16709
14740 14741
4425 4426
7747 12343
8526 8527
4431 4432
336 2125
12629 12630
4438 6568
344 475
350 355
4450 4451
742 743
358 359
3995 4457
1789 4460
8560 8561
370 371
12661 13753
10679 12664
377 378
12666 12667
4473 4479
8576 13703
387 9012
4484 4485
8589 8590
399 400
4070 8599
410 2816
738 4507
12701 13251
4510 6867
415 416
8609 8610
8614 8615
3245 4520
12716 12717
3484 3485
4529 11138
434 5055
7783 12723
1438 9651
1469 10996
8634 8635
12733 12734
446 516
8641 8642
3218 12740
8651 8652
12749 12750
462 999
16461 16467
12752 14375
4561 7663
4564 4565
470 471
3528 15155
762 9432
479 480
6850 8674
5541 5542
486 14189
1248 4177
8680 8681
4585 4586
4593 4594
498 3631
4596 4597
15785 15786
1204 2133
4608 4609
4880 12804
8709 8710
3499 3500
522 654
4000 4619
2279 8716
4623 4624
12816 12817
7 12822
2892 10577
539 1555
1455 1456
689 4644
4650 4651
557 10640
12845 12846
561 562
4659 4660
566 567
9850 9851
2915 8763
12859 12860
13066 13067
1119 4671
4672 4673
579 4013
584 585
8777 8778
2822 4683
589 4823
12879 12880
4688 4689
9567 9568
596 1771
11022 11028
6332 8790
602 7831
2307 4699
2149 2150
609 7353
6374 8804
8976 8977
4713 4714
12910 13837
4720 4721
15123 15124
10719 12917
631 3478
4728 4729
12922 12923
2154 2155
12926 12927
640 4215
6250 6251
8836 8837
646 1650
4926 11713
4744 10214
655 656
4753 4754
11715 11716
660 1106
5079 10524
13763 13764
666 667
12957 14815
14447 14448
12970 12971
8667 12074
7978 8882
693 922
11243 14213
12983 12984
700 701
4798 13540
705 2175
12995 12996
12998 12999
712 713
4314 4812
13005 13006
1536 2851
8918 8919
4827 7862
734 11563
8928 8929
16254 16255
4837 4838
5615 8934
8998 8999
14345 14346
13443 13444
8952 8953
13049 13050
13369 13528
7846 7847
769 2115
3646 4086
8965 9213
13062 13063
4874 4875
779 780
8973 11791
784 785
3088 4884
790 791
3072 3073
796 9182
8991 14805
801 802
4902 4903
13098 13099
14470 14471
11058 11059
13103 13104
819 820
13109 13110
826 2267
9020 9021
9024 9025
13121 13122
5461 6494
9032 9498
4937 4938
847 4961
9041 9042
4950 4951
857 5003
4955 9689
13148 13149
7988 9053
13154 13155
868 869
13157 13158
4977 4978
8082 8083
9077 9078
887 888
4984 5572
9082 9083
894 1024
149 1651
9088 9089
898 899
7889 13187
9092 9093
1796 4998
911 912
12850 12851
2477 4804
5016 5017
9117 9118
13215 13216
928 929
5027 5028
9125 9126
935 936
5034 5035
9134 9135
7982 13232
13128 13129
948 1115
5045 5932
5050 5051
13245 13246
959 960
963 4036
5060 5061
13256 13257
13854 13855
9165 9166
5076 5077
981 982
7142 13274
15866 15867
9195 9196
1006 1007
5108 5109
7126 7127
1017 1018
13309 13310
9214 9215
3584 11430
5124 5125
1029 1030
9227 9228
1037 3175
13326 13327
5146 5897
1050 1051
1053 1054
5636 5637
9250 9251
1060 1061
1069 1073
1078 1269
5174 5175
12200 12201
15827 15828
1086 2536
13379 13380
1095 1905
5192 5193
7186 9291
2796 5198
9059 9060
1110 11711
13399 13400
5210 5211
2236 6547
9325 9326
1134 1135
5232 11618
1138 1209
2902 5240
5237 5238
1143 1144
13432 13433
5241 5242
13437 13438
1150 1151
9343 9344
9347 9348
1156 1157
5655 5656
1168 1169
1559 1560
6339 12027
9365 9366
1174 1175
5267 5272
4292 4293
1178 5893
1182 3292
9072 14069
1186 2080
2358 2359
9385 9386
16583 16584
1541 13484
1197 6967
1663 5301
9400 9401
3331 5306
1212 3266
9336 9337
5310 6450
13507 13508
5318 5319
1223 2624
2574 2935
5324 5325
1229 1230
10128 15790
5331 5332
1236 6265
1239 1240
2086 2087
13533 13534
5350 5351
575 9449
1257 1258
5357 5358
5364 5365
9463 9464
5369 5370
13183 13184
9473 9474
13574 13575
9480 9481
7174 9484
15234 15235
1295 2680
9490 9491
1300 5846
2770 2771
9774 9775
9500 9501
6362 6363
13599 13600
13602 13603
9511 9512
10546 10547
9777 9778
9520 9521
1329 1330
1341 3216
6800 6801
907 1494
2451 5444
14561 14562
1352 1353
1359 1360
5456 5457
5688 5689
5466 11224
13659 13660
1374 1375
10957 13921
5476 5477
3275 5482
9580 10435
13680 16352
11775 11776
1405 1406
1409 10383
13698 13699
5507 5508
5512 5513
1992 1993
5518 5519
1426 2929
7700 13021
1604 1605
13725 13726
1441 1442
7878 9639
5548 5549
9647 9648
1458 11228
13748 13749
5558 5559
5561 5562
14581 15043
10665 13760
1474 1475
1481 2628
5579 5580
7400 9679
1491 1492
5588 5589
1495 1496
7817 9688
2119 5595
9695 10503
6095 13793
6395 6396
9705 9706
9713 9714
1523 7541
9718 11076
2985 2986
1528 1529
1531 1532
13226 13227
13826 13827
5639 5640
11099 11100
1547 2144
15204 15205
5647 5648
1562 1563
7055 11866
9758 9759
1574 1575
9820 9821
5676 11030
1583 1584
13873 13874
3677 3678
7775 7776
2540 5694
2997 6613
8019 8020
6977 9825
9800 10284
10508 10509
13898 14457
9805 9806
1619 3304
9814 9815
13912 13913
1628 1629
13965 13966
423 1634
5731 5732
5737 6403
9834 9835
2509 5742
14103 14104
5745 13961
1658 1659
1670 1671
5771 5772
9869 9870
1680 1681
5780 5781
9879 9880
13979 13980
9891 9892
10285 10286
1709 1710
13999 14000
9907 10447
1716 1717
1723 2117
954 1726
3740 7178
16287 16288
14020 14021
14625 14626
5837 5838
14036 14037
4708 5753
14040 14041
5071 5072
1756 1757
12123 12124
4389 4390
9959 9960
5870 5871
1777 1778
9971 14154
14078 14079
5888 12182
11913 11914
14088 14089
1802 1803
5900 5901
14096 14236
10006 10007
11908 11909
5916 5917
1822 1823
5919 5920
1827 15978
10022 10023
9863 15149
14125 14126
5937 5938
5942 5943
5948 6437
2058 10710
10045 10046
14645 14646
7917 10049
10050 10496
6452 11233
1867 1868
10059 10065
1877 1889
1882 1883
6458 8065
1893 1894
14184 14185
5994 5995
2365 2366
3285 6006
1914 1915
6012 6013
6018 6100
6025 6026
14221 14222
6036 6037
1942 1952
1946 3302
8013 10142
6055 6056
1962 1963
2647 10155
14989 16383
6061 12036
14255 14256
1968 1969
6065 6066
10163 10164
14261 15939
1980 1981
10173 10174
331 901
14281 14282
1997 1998
14286 14287
14293 15511
10200 10201
2016 2017
11842 11843
2021 2022
6120 6121
7994 7995
10222 10223
11944 11945
14323 14324
10229 10230
6134 16345
14328 15403
10234 10235
2047 7155
6152 10515
10250 10251
14356 14357
6178 6179
10276 10277
14382 14383
12092 15368
2100 2101
14390 14391
2104 2105
6202 6645
7025 7026
14400 14401
10308 10309
6217 10325
10314 10315
3768 6225
2137 2138
9916 9917
10348 10349
2160 6682
3573 6259
2165 2166
7305 8553
6267 6268
6431 15781
10369 10370
2179 2504
6279 6280
2658 2664
6285 6286
3096 3674
6292 6293
4553 6298
3125 3126
3781 3782
2215 2216
7711 10409
2219 2220
4465 4466
14510 14511
2224 2225
6324 6325
2230 2231
2245 2246
6344 8795
2251 2252
2258 2259
15395 15396
14555 14556
14558 14559
10464 10465
10479 10480
14577 14578
10488 10489
10491 10492
14589 14590
6409 6410
2316 2326
14606 14607
8753 9944
2331 2332
10528 10529
2338 2339
2348 7676
2353 2354
10549 10550
2361 2362
10558 10559
2371 2372
14662 14663
6474 6475
2381 2382
6482 6483
14678 14679
6486 6487
1307 5246
2395 2396
10590 10591
14688 14689
2403 2404
2465 6501
10599 10600
6506 6507
6514 6515
3835 6519
14718 14719
3919 7446
14725 14726
2439 2544
14731 14732
10644 10645
6553 6554
6559 6560
6563 6564
2471 2472
2474 2475
624 2481
2482 7496
14771 14772
3605 6581
3982 6585
10687 10688
14786 15462
10694 10695
10697 15156
14801 14802
14755 14756
2523 2524
11985 14813
3538 3539
2530 2731
6632 6633
6626 9981
16113 16114
6652 6653
10750 10751
6656 6657
14851 14852
10758 11524
3840 3841
14858 14859
10764 10765
6669 6670
3358 3359
6673 6674
6676 6677
6683 6684
2590 7302
6688 6689
10785 10786
14883 14884
2597 3890
3649 14886
14888 14889
6697 6698
14893 14894
2611 2612
6708 6709
10805 10806
6711 6712
2617 3143
3802 10822
2636 3422
16029 16030
2641 2642
88 1275
14939 14940
6750 6751
10848 10849
10855 10856
6760 6761
14958 14959
6767 6768
6776 6777
10875 10876
8817 14547
10887 10888
4045 7664
450 11280
14991 14992
2705 2706
14995 14998
2713 7722
6810 6811
3315 3316
6598 6926
2726 2727
6962 6963
10925 10926
2735 2736
2738 3709
3885 6836
12230 12231
2749 2750
10946 10947
9333 9334
15046 15047
6856 6857
6861 6862
2776 3323
6877 6878
8276 8277
15083 15506
10990 10991
6898 6899
2803 2804
2806 2807
15100 15101
3200 3228
6914 6915
15112 15113
2827 2828
12076 12077
2837 2838
2842 2843
15493 15494
6952 9358
2864 2865
2869 2870
11064 11065
2874 7005
8557 12073
15165 15166
2881 2882
2886 2887
6982 6983
6985 6986
11083 11084
12068 15182
3959 3960
2897 8133
15189 15190
15194 15195
5972 11108
11409 11410
183 457
15219 15220
1854 7164
15918 15919
7040 8011
4326 4327
15237 15238
7053 8445
15249 15250
11155 11156
15261 15262
14832 14833
7078 7079
11177 11178
11544 16199
11188 11189
11198 11199
15296 15297
3010 7636
15308 15309
11217 11218
11836 15316
3029 3030
11363 15322
15328 15329
7592 7593
11238 11239
3050 3051
7147 7148
3057 3058
15350 15351
8831 8832
15360 15361
3080 3081
3083 3084
15373 15374
7191 7192
11969 11970
3104 3105
14228 15394
11300 11301
3116 3117
15410 15411
11315 11316
7219 7220
3130 3131
7233 7234
15427 15428
15434 15435
3150 3151
3156 3157
3732 8719
3164 3165
3167 3168
2288 2289
7279 7280
15482 15483
7295 7296
3208 3209
3949 7767
15508 15509
3951 3952
3790 3791
13523 13524
3237 3238
15528 15529
3253 3254
15546 15547
12149 12150
15553 15554
7371 7372
14198 14199
8840 15560
15564 15565
3281 3282
15572 15573
11482 11483
7391 7392
7405 7406
7380 7867
2030 11515
15622 15623
5021 5022
3343 15516
16006 16007
10907 11535
15636 15637
3350 3351
15650 16135
3365 3366
7466 7467
7471 7472
7481 7482
3390 3391
7490 7491
3396 3397
7503 12262
11602 11603
7508 9497
3414 8125
11615 11616
1936 3689
3428 9557
11622 11623
15720 15721
15727 15728
11639 11640
7561 7562
3467 9675
7581 7582
16283 16284
3493 3494
11687 11688
7596 7597
15792 15793
7603 7604
129 9140
11703 11704
15803 15804
15811 15812
11719 11720
7629 7630
11512 11513
527 3774
11737 11738
4740 4742
7646 7647
15614 15615
7680 7681
12096 15878
7691 7692
15900 15901
7717 7718
7431 7432
3632 3633
3636 3637
7740 7741
4093 10351
7760 7761
16317 16318
12900 12901
7778 7779
3373 3686
3696 3697
6077 6078
11898 11899
13497 13498
3723 3724
11922 11923
7836 7837
6126 6127
7843 7844
3749 3750
11949 11950
11953 11954
6088 6089
16065 16066
16331 16332
5410 5411
16078 16079
7893 7894
16088 16089
7929 7930
12030 12031
16151 16152
12057 12058
7968 7969
15678 15679
3892 3893
4022 4023
16188 16189
12103 12104
16218 16219
3935 3936
3938 3943
8035 8036
16237 16238
5437 8053
3976 3977
12173 12174
12178 12179
15001 15002
8096 8097
4004 4005
16313 16314
4031 4032
8140 8182
16333 16334
15274 15275
16336 16337
8153 8154
13648 13649
12264 12265
4082 4083
12276 12277
4089 4090
