102122 102595 102596 167740
19983 83417 123885 139507
53364 53365 160586
122408 259242 262278
270420 270421 331812
298 31807 122374
110898 110899 135977
102768 102769 104171
2902 55186 61645
8595 8596 76542
20081 21025 21026
571 10421 35214
41169 98939 142764
17067 66659 100658
243706 258858 258859
74538 74539 123997
105247 193347 193348
123812 127531 270965
6853 27082 52806
201077 201078 201079
15899 72718 82854
1814 26726 65621
17279 17280 29422
64964 64965 71733
28212 102868 172281
35722 35723 57315
245636 245637 316742
65086 65087 224303
189832 218321 232416
128061 181680 181681
80115 80116 161982
231006 231007 244143
313027 313028 313870
209174 209175 214737
128130 142047 142048
26400 40640 188412
68712 137082 214512
63389 83568 118564
67588 67589 67590
67616 115533 129854
75825 75826 75827
14098 47228 92448
92904 117105 117106
137425 137426 205569
4944 6381 6382
4010 10595 10596
293228 302227 319956
104881 104882 104883
37651 68047 158702
113188 113189 178819
4640 125603 125604
90701 236259 236260
50782 50783 50784
91152 91153 187235
220087 275949 289205
12253 113661 113662
181785 181786 201026
7133 15404 15405
44792 101537 144427
70862 70863 70864
40263 190427 265533
23951 32080 32081
152993 159095 159096
12836 56701 56702
152742 152743 260060
65094 65095 69221
15995 15996 38445
40790 123413 209834
44961 44962 194128
8116 8117 15159
232476 270263 270264
160054 160055 307134
16782 16783 67568 69840
49526 100031 127743 181665
1088 9400 94702 94703
519 520 38653 96900
296002 296003 322652 322653
127871 127872 230970 244587
61086 75385 76249 141430
46936 46937 109138 109139
35233 35234 182656 182657
190225 190226 268731 268732
28405 28406 183587 183588
141104 235868 245009 276589
193620 311298
171999 172001
15711 15712
278696 303111
106506 172430
124247 124248
10925 14158
303120 303121
19 22989
265417 265418
54886 159770
73759 73760
79194 79195
106532 209339
163615 241701
36904 96000
262184 262185
117737 225323
188616 282669
77149 77150
143408 143410
167988 167989
254007 254008
72848 208956
311356 311357
77886 77887
114750 114751
294977 294978
213058 213059
16452 44575
180292 180293
286790 286792
52905 135239
147530 199888
188491 188492
3656 8268
278605 278606
145152 145153
122973 122974
241764 241765
140825 163945
143465 143466
180331 180332
36973 36974
24687 62875
145427 145428
40297 137737
184440 184441
78906 147578
116718 270020
49856 49857
8328 128491
98440 98441
180362 180364
237708 237709
42349 129472
29760 184464
153624 258521
90818 90819
103789 103790
41113 41114
95599 105999
290974 290975
8352 8353
134487 134488
11177 204968
215068 215069
45227 45238
4268 4269
172674 290990
62476 114863
176308 176309
61623 61624
14184 90296
49337 53979
165919 165920
100223 225479
254156 254157
282832 282833
7545 7587
114911 114912
80592 85197
41186 41187
319719 319720
240582 276519
46025 82159
103818 299250
323829 323830
164087 164088
159993 159994
96846 113670
21888 26675
57996 69890
150447 150448
85461 85462
323850 323851
57611 57612
322978 322979
174125 174126
44628 168210
181387 311571
147731 147732
45333 45334
280935 303384
58756 58757
41242 41243
6150 106782
49442 73708
114979 117071
20770 20772
73094 73095
175618 307925
131367 131368
102699 102700
8497 172919
134445 180536
124298 124299
4512 28992
83578 98625
266563 266564
229701 229702
252641 252642
41292 41293
258382 258383
172368 172370
69971 297671
183320 183321
106837 106838
15758 15759
61788 87062
31958 78174
151904 184188
8547 8548
270694 270695
204314 204315
201065 201066
61801 61802
78187 200129
131436 131437
303474 305822
209266 209267
106870 106871
131447 131448
66085 184708
254344 254345
258448 258449
275863 275864
135029 235358
75440 127384
205209 205210
213402 213403
4507 4508
276133 278943
96566 96567
88133 88134
422 44642
24999 134552
57773 57774
7095 41481
36936 185945
139697 139698
142142 184755
8629 71673
49592 49593
242104 242105
135613 135614
16831 95259
37312 59359
57794 94198
242116 242117
78280 78281
201165 201166
15782 176590
98767 98768
15626 41424
106965 106966
29146 29147
49633 59203
274915 274916
204721 332267
33423 101117
152052 257510
41461 106369
311245 311246
325092 331860
122495 122496
82429 92750
50732 147970
37935 315907
324107 324108
261040 324109
21009 21010
25332 61972
533 534
53315 100441
80585 295448
21017 59776
299546 299547
45595 45596
275691 291359
172580 172581
115242 115243
287279 287280
111154 111155
25655 49716
12853 47961
90679 90680
48060 143929
21052 21053
172605 177032
299581 299582
206260 206261
236298 236299
303683 303684
107076 239067
11702 76083
152134 152135
217672 217673
8780 30719
113421 113422
288183 288184
12905 66131
172628 228615
174861 174862
270934 321172
25175 41598
90713 90714
98907 112929
6919 74332
70238 70239
66145 66146
26043 26044
258660 258661
172645 172646
121915 234092
33391 33392
197237 197238
17018 96083
212238 266876
170561 285461
189057 297950
201493 201494
221830 221831
6252 323297
30617 49802
21131 21132
147292 254608
45717 45718
234135 234136
31337 262815
113861 123552
172710 172711
155435 155436
23357 90794
62124 297703
138696 138697
324274 324275
82612 82613
74422 142874
127673 134176
698 700
163829 163830
189116 189117
66241 66242
62147 104127
64428 70340
66337 66338
58145 58146
249083 258768
164561 267928
149500 149501
115717 234199
242392 242393
258778 258780
8923 52188
180957 180958
29407 199488
72010 119521
52688 52689
123927 156394
13095 80302
244556 254707
225206 225207
135928 154193
38861 70393
187362 197375
150465 150466
18745 18746
331222 331223
89893 89894
15830 15831
312082 312083
29460 53893
99094 99095
209691 209692
161241 161242
85271 126058
230874 230875
62244 62245
107302 107303
49967 194583
249623 282243
131896 131898
33595 33596
70462 70463
52284 90944
234976 298513
9030 9031
246599 246600
17224 17225
271177 271178
254797 254798
163981 234979
41810 41811
183061 318229
189274 189275
11349 11350
277361 291679
167497 243487
43152 43153
45924 45925
82791 82792
191975 202165
223428 312172
177005 177006
9073 32752
136053 229943
308030 308031
256557 275324
74620 74621
8176 8177
144256 238871
207889 207890
156548 156549
150218 185222
17286 17287
275336 275337
118079 324490
138429 242571
123866 216483
115600 115601
177044 177045
144282 182240
43955 45980
27480 95134
201633 201634
305306 305307
31557 31558
286193 286194
13229 33208
21425 21426
103349 156012
46008 46009
328633 328634
122617 170254
50104 50110
99263 99264
132195 132196
23763 23764
37836 37837
46034 46035
218074 218075
197598 197599
47101 103391
43855 43856
95203 95204
10782 13285
261204 261205
13290 13291
197611 197612
289227 291823
27534 50160
327848 327854
33779 33780
203956 279540
105982 105983
283642 283643
287743 287744
74753 74758
316929 316930
95244 185465
214028 214029
182196 182197
75266 75267
163621 171342
271993 283673
189471 189473
222243 222244
115748 115750
20055 82981
230439 301085
50907 70701
58417 58418
80734 80735
290140 290141
103483 103484
209985 209986
242764 242765
286289 296013
255057 255058
289634 289635
181334 181335
279641 314747
60943 60944
29790 231821
74847 149117
152673 191886
255075 255076
156775 156776
62570 235067
160876 160877
87150 159723
126798 268478
115841 115842
52075 52076
103566 124480
85556 85557
263312 263313
124052 124053
309444 309445
300186 300187
210076 223370
128262 156830
159617 159618
284006 284008
136049 162131
320680 320681
45049 91308
3959 312496
118302 202822
192493 308406
206007 269401
169147 190254
15250 86901
234688 234689
271556 271557
54473 163082
177354 177355
328910 328911
198860 198861
152787 152788
91348 110122
46292 46293
163164 163165
148697 148698
161998 161999
267611 324829
87264 214664
115938 115939
107754 212467
70891 70892
316651 316652
50416 50417
9457 96898
256211 256212
314173 314174
53783 169513
96880 96881
119058 197884
95486 95487
76888 165124
58638 58639
124180 240851
42267 42268
29983 29984
25888 25889
91427 91428
296235 296236
6827 34094
9522 10625
167474 167475
140596 140597
21816 21824
185659 202452
251195 251196
230719 230720
279872 279873
153599 171708
136515 136516
333124 333125
9543 217335
52900 52901
25930 120377
300363 300364
226 251261
56430 120142
230736 230737
102066 102067
13655 13656
20025 20026
103779 216276
68273 126552
230757 230758
75110 75111
11836 93073
263531 263532
111982 195962
206191 248291
331477 331478
15609 181619
189812 200840
107896 107897
91518 91519
38272 137868
17356 20942
173444 173445
34515 34516
46657 46658
31003 144777
42191 42192
1421 1422
196586 196587
133325 329109
17816 17817
31494 41882
114120 214432
128392 128393
239011 239012
30122 30123
38315 38316
145650 145651
48991 107958
91576 91577
1473 1474
11679 181702
49420 140757
226775 226776
190714 227905
79327 79328
3424 9701
173649 173650
253945 253946
7010 17912
206205 206206
34303 34304
290774 304641
226819 226820
232404 291073
75279 285686
83471 83472
26200 79623
260355 260356
11865 150385
19214 23332
196318 196319
181791 181792
252848 252849
67112 298113
73511 132649
308778 319179
67809 120363
144492 144940
5724 5725
190000 190001
38481 38494
167174 235065
173628 182259
206400 298127
181824 181825
24843 40936
267844 267845
120394 120395
79437 79438
145689 161359
106082 106083
38486 38488
280157 280158
91742 91744
42594 42595
104036 104037
38502 38503
149094 149095
181878 181879
288381 288382
285632 285633
71301 168271
317063 326990
75402 75403
50831 50832
82865 280067
169618 169619
112278 112279
1690 1691
94490 94491
273756 273757
99999 100000
14832 42657
225562 225563
210597 210598
22182 48935
3387 32369
333131 333132
90767 161361
48726 50864
1713 1714
292531 292532
153656 173750
22511 38584
91839 196072
1730 1731
333508 333509
186054 186055
50888 50889
255690 255691
5839 40289
42706 48345
47475 124630
38615 38616
149210 149211
9948 20411
55007 55008
38923 63208
1769 26730
128748 128749
251630 251631
46832 49024
69187 292594
231154 231155
91893 91894
328958 328959
124676 124677
9990 9991
170966 170967
191826 191827
292624 292625
85635 85644
26389 26390
313110 313111
38965 159552
120601 120602
154369 194335
202528 202529
45362 45363
34608 41434
83761 83762
182578 182579
11624 55093
292663 292664
52845 52846
280386 305827
321846 321847
19706 19707
145225 145226
203063 203064
235831 235832
165715 165716
288596 288597
158008 158009
71516 138272
276317 276318
32382 63327
51040 51041
59234 59235
108397 326935
6994 38766
38767 84879
300916 300917
35098 198519
251768 251769
255867 255868
227199 227200
22401 22402
153475 153476
22408 158729
117739 117740
173962 173963
138265 182156
6032 6033
30610 30611
102196 102197
187373 187374
120730 120731
215645 215646
100257 100258
77535 198570
158961 158962
79797 79798
63415 63416
10171 10172
264123 264124
65191 157632
55736 146036
206786 252799
277895 277896
120773 120774
75719 85507
208472 208473
237109 237110
166902 166903
133072 133073
210902 210903
192084 192164
30682 30683
19456 34781
18307 30686
67550 67551
174055 174056
96593 96594
255989 255990
178168 178169
39523 39524
260443 272393
75791 75792
51351 63507
306861 306862
124952 124953
235656 313372
10275 277905
261083 264228
133159 133160
38911 38954
220166 220167
129068 129069
18485 18486
88119 146929
264249 264250
235580 302403
129086 129087
211011 272473
53173 157768
112714 236654
276555 276556
227406 227407
297041 305696
235603 303605
174164 174165
157782 158612
149594 249404
164880 164881
148816 239939
51301 51302
12146 141415
252011 252012
24152 112750
174200 174201
247937 290342
243846 290682
86970 133257
14766 18573
100495 100496
137362 137363
2196 175725
47809 47810
96411 96412
83653 236335
249609 249610
59571 59573
256180 256181
190645 190647
97540 202946
202951 202952
305359 305360
182480 182481
294787 325843
49852 65315
252282 252283
43237 43238
249345 249346
284906 284907
334065 334066
10485 68765
6390 6394
84216 84217
122105 169823
92454 264451
28108 100612
59656 59657
36630 85551
3487 3488
80589 180187
129315 129316
280871 280872
253659 253660
171644 171645
105894 105895
166191 197447
229644 301360
133433 133434
162107 188975
73057 125255
31931 31932
137548 259220
297296 297297
110367 129362
219475 301487
63828 101242
94998 227072
285699 285700
141661 141662
186725 186726
153961 153963
162466 215402
43409 43410
10864 72049
68032 220703
248187 269200
228417 228418
231826 231827
179525 240020
97483 97484
256416 256417
215468 215469
2479 2480
297395 297396
256439 256440
289211 289212
244165 244166
39373 39374
47569 47570
113109 113111
14807 14808
137688 137689
104926 104927
159360 281058
83156 149993
196196 196198
13631 23022
35315 35316
227832 227833
260601 260602
76283 76284
3156 3157
195072 195073
215557 215558
96777 96778
301580 301581
31248 31249
129558 129559
47812 92696
121875 169732
139205 139206
248347 248348
100893 100905
105006 105007
175536 175537
231987 231988
64054 306052
39482 39483
326205 326206
166464 166465
145989 145990
14919 14920
31307 52708
23139 226988
76366 76367
43600 43601
318038 323099
39511 39512
126053 126054
43622 125773
289384 289385
293483 293484
318072 318073
64193 64194
187004 187005
19069 19070
15348 15349
117381 117382
19938 76423
64137 64139
22867 225753
75787 89910
289432 289433
264858 264859
76446 146974
84641 84642
162473 162474
203436 203437
40489 206559
195260 195261
88100 120934
113342 113343
129482 129483
322245 322246
256370 256371
133839 133840
36152 51922
72421 72422
39657 105097
15174 223978
175979 330194
44011 44012
109302 109303
56057 56058
281341 281342
72452 72453
129801 129802
80343 80344
142094 142095
64283 64284
11075 31528
77517 77518
6964 17014
2526 33378
203577 203578
6623 151423
109378 122767
138661 179015
39755 39756
307000 307001
236377 236378
211805 211806
133982 133983
97124 97125
252775 270827
113519 269665
52084 52085
93174 93175
269179 269180
132929 167388
334729 334730
307012 307013
102210 102211
32287 32288
23558 23559
215967 215968
220068 277407
150440 150441
154544 331033
65348 183222
129978 129979
109982 273339
318399 318400
154572 154573
240593 240594
121811 121812
28494 28495
89437 89439
23512 23513
162783 162784
125920 125921
142307 142308
236604 236605
276046 276047
39923 39924
252923 252924
191492 191493
174009 275628
130059 130060
125968 125969
171025 171026
281635 281636
31781 31782
207912 222834
302131 302132
7231 10131
186208 213572
40004 40005
330824 330825
28066 111799
220238 244923
236625 236626
314458 314459
40034 222308
113765 113766
44135 44136
68795 68796
310379 310380
45586 147197
30303 212080
146545 146546
56435 56436
159501 187582
182325 182326
306306 306307
64943 64944
101518 111876
133801 180760
294038 294039
249321 302235
142504 142505
97452 97453
101582 101583
31261 31262
113841 113842
298164 327346
167094 167095
265401 265402
52414 52415
273601 273602
85194 85195
11851 36044
85199 85200
48575 158939
48350 109979
300240 300241
30136 216291
318692 318694
3305 3306
101611 101612
53094 204014
240880 240881
298231 298232
171259 306982
72957 135135
56268 56269
68869 68870
183561 200393
23841 23842
208164 208165
64809 64810
89385 89386
175406 175407
331058 331059
69065 77310
187712 187713
15682 15683
257355 257356
23532 25282
3364 3365
310614 310615
1823 8071
101731 101732
89318 89319
134700 187753
11629 11630
81264 81265
52600 52601
204165 204166
105866 105867
90952 90953
83865 83866
302502 302503
191105 191106
261362 261363
212406 212411
60858 61093
141898 151447
159439 159440
48580 48581
81466 93642
24019 24020
105945 105947
249468 249469
11759 11760
7677 7678
52738 79739
327186 327187
120135 159263
81840 81841
213595 213596
294833 294834
24106 24107
106029 106030
278067 278068
327224 327225
16309 16310
216640 216641
216645 278398
28238 28239
286302 286303
44646 44647
134763 134764
94071 251083
28326 60991
306810 306811
61082 249487
94031 94032
196251 196252
138912 138913
180165 180166
31768 31769
298953 298954
3770 3771
175878 188100
253637 291083
298700 298701
143061 143062
245463 245464
130795 130796
36141 36142
241395 241396
148094 148095
110329 110330
52994 52995
147208 147209
32523 32524
53007 53008
282390 282391
187012 187013
298779 298780
118571 118572
134957 134958
28463 28464
57139 57140
173364 173365
123291 311140
147266 147267
261957 261958
102215 102216
122704 122705
89940 89941
262120 262121
110453 110454
28549 28550
143253 143254
274553 274554
331717 331718
85967 85968
180217 180218
208859 208860
20450 20451
122860 122861
