529 530 1788
1673 1674 1724
853 854 1467
2 3
8 9
1033 1034
2050 2051
16 17
22 23
1052 1053
29 30
38 39
45 2450
50 1430
1079 1080
62 63
2111 2216
1089 1893
66 455
2119 2120
1097 1098
1207 2010
76 550
1702 2125
263 1102
82 621
87 1195
1117 1118
94 256
2143 2144
1040 1041
1154 1333
102 103
2156 2180
1136 1507
1141 1142
122 735
128 758
1739 2178
133 134
1217 1218
2186 2187
140 175
665 2189
146 147
2196 2197
629 1174
153 515
658 1183
160 161
1186 1187
169 398
1200 1201
179 180
2230 2231
186 787
1211 1547
2240 2241
1224 2025
2248 2249
375 376
1399 1400
210 211
1236 1557
2269 2270
962 1737
225 461
891 1011
531 1252
230 231
233 234
612 1063
551 552
2259 2260
245 246
249 250
2301 2302
1279 2194
257 258
1644 2309
289 1292
470 1295
2320 2321
932 1411
276 277
2326 2327
280 285
292 293
2340 2341
1317 1318
2350 2351
304 305
2357 2358
309 310
1338 1339
318 1101
2367 2368
2375 2433
1352 1414
329 330
1358 1359
336 337
646 1366
2393 2394
347 348
353 354
108 358
1387 1898
387 388
402 469
370 1406
380 381
464 1259
918 919
1424 1425
410 615
1436 1437
830 831
417 1185
1442 1443
1449 1450
425 426
71 72
2475 2476
430 431
449 450
1496 1497
475 476
482 1008
1509 1601
490 491
495 496
502 503
507 508
939 940
1548 1598
1564 1565
544 1006
1575 1576
558 559
567 568
1602 1603
581 582
588 589
597 991
1623 1624
602 603
1648 1982
624 625
1654 1655
652 653
1678 1679
660 661
1688 1689
1691 1777
670 1846
680 1001
686 687
1714 1715
694 695
701 702
1727 1728
708 709
724 725
730 731
741 742
748 822
1774 1775
762 763
767 850
776 777
784 785
790 791
1944 2201
796 797
1823 1824
1827 1828
806 807
811 979
816 817
1841 1842
836 951
1862 1863
1867 1868
1875 1876
858 859
864 865
971 1891
872 873
884 885
1854 1855
200 201
1926 1927
905 906
911 912
1954 1955
1960 1961
1963 1964
2035 2036
954 955
1986 1987
1989 1990
967 968
1997 1998
975 976
983 984
2015 2016
997 998
1012 1013
2041 2042
